utf-8->utf-8:70,114,97,110,226,8221,339,194,186,97,105,115
utf-8->Windows-1252:70,114,97,110,195,162,226,8364,157,197,8220,195,8218,194,186,97,105,115
utf-8->IBM437:70,114,97,110,9500,243,915,199,165,9532,244,9500,233,9516,9553,97,105,115
utf-8->ibm850:70,114,97,110,9500,243,212,199,216,9532,244,9500,233,9516,9553,97,105,115
Windows-1252->utf-8:70,114,97,110,9500,186,97,105,115
Windows-1252->Windows-1252:70,114,97,110,226,8221,339,194,186,97,105,115
Windows-1252->IBM437:70,114,97,110,915,246,163,9516,9553,97,105,115
Windows-1252->ibm850:70,114,97,110,212,246,163,9516,9553,97,105,115
IBM437->utf-8:70,114,97,110,65533,34,111,65,65533,97,105,115
IBM437->Windows-1252:70,114,97,110,402,34,111,65,167,97,105,115
IBM437->IBM437:70,114,97,110,226,34,111,65,186,97,105,115
IBM437->ibm850:70,114,97,110,226,34,111,65,186,97,105,115
ibm850->utf-8:70,114,97,110,65533,34,111,65533,65533,97,105,115
ibm850->Windows-1252:70,114,97,110,402,34,111,182,167,97,105,115
ibm850->IBM437:70,114,97,110,226,34,111,9570,186,97,105,115
ibm850->ibm850:70,114,97,110,226,34,111,194,186,97,105,115